Phase 1:
00 11 22 33 44 55 66 77 88 99 00 11 22 33 44 55 66 77 88 99 00 11 22 33 44 55 66 77 88 99 00 11 22 33 44 55 66 77 88 99 c0 17 40 00 00 00 00 00

Phase 2:
68 ec 17 40 00 48 c7 c7 fa 97 b9 59 c3 00 11 22 33 44 55 66 77 88 99 00 11 22 33 44 55 66 77 88 99 00 11 22 33 44 55 66 78 dc 61 55 00 00 00 00

Phase 3:
68 fa 18 40 00 48 c7 c7 a8 dc 61 55 c3 00 11 22 33 44 55 66 77 88 99 00 11 22 33 44 55 66 77 88 99 00 11 22 33 44 55 66 78 dc 61 55 00 00 00 00 35 39 62 39 39 37 66 61 00

Phase 4:
00 11 22 33 44 55 66 77 88 99 00 11 22 33 44 55 66 77 88 99 00 11 22 33 44 55 66 77 88 99 00 11 22 33 44 55 66 77 88 99 ab 19 40 00 00 00 00 00 fa 97 b9 59 00 00 00 00 a2 19 40 00 00 00 00 00 ec 17 40 00 00 00 00 00

Phase 5:
00 11 22 33 44 55 66 77 88 99 00 11 22 33 44 55 66 77 88 99 00 11 22 33 44 55 66 77 88 99 00 11 22 33 44 55 66 77 88 99 cc 19 40 00 00 00 00 00 20 00 00 00 00 00 00 00 42 1a 40 00 00 00 00 00 34 1a 40 00 00 00 00 00 13 1a 40 00 00 00 00 00 06 1a 40 00 00 00 00 00 c5 19 40 00 00 00 00 00 d6 19 40 00 00 00 00 00 c5 19 40 00 00 00 00 00 fa 18 40 00 00 00 00 00 35 39 62 39 39 37 66 61 00


